pi=[0.353072066065,0.111589890156,0.0585749907949,0.0322176317403,0.0356917164089,0.0115466277244,0.0226337670591,0.0145310072661,0.00944075016538,0.0218196816771,0.0149197609312,0.0404988660455,0.00326704560368,0.0374245437713,0.0325374158113,0.00982405167434,0.0421334042968,0.00908502932814,0.0253324878643,0.0318960264598,0.0137184497015,0.0202821313105,0.0195448576139,0.0284178005303,1.71962216724e-213]
sigma2=[0.430633492802,0.237415711149,0.396681733257,1.07832954999,0.212901724791,1.32382050979,0.421487630953,0.261189498984,1.35600539765,0.729856744634,1.48465927443,0.322031905539,1.52928061021,0.232252014099,0.312493664901,0.699109657646,0.16543601943,0.1382753829,0.791238581977,0.162382438029,1.2676888168,0.226914350673,1.0966785828,0.433054241778,400.0]
